cam0:
  T_cam_imu:
  - [-0.05276703198508986, 0.9977244774168623, 0.04197031687674227, -0.006675405404818369]
  - [-0.8389578141744494, -0.06708784922635219, 0.5400453745027476, -0.021334615803198374]
  - [0.5416321873477565, -0.00671473375733439, 0.8405887734079331, -0.21254826172005287]
  - [0.0, 0.0, 0.0, 1.0]
  cam_overlaps: []
  camera_model: pinhole
  distortion_coeffs: [-0.03760349183885542, -0.019846405449754675, 0.02033805575677833,
    -0.008820507351849157]
  distortion_model: equidistant
  intrinsics: [553.4675695233145, 551.5244385327326, 632.8010645006444, 377.82028365232196]
  resolution: [1280, 720]
  rostopic: /cam
  timeshift_cam_imu: -0.07720048503261519
