cam0:
  T_cam_imu:
  - [-0.05327165359962949, 0.99750719850104, 0.04627655844342238, -0.007657288768845834]
  - [-0.8359266065715796, -0.06989710462546173, 0.5443722101565256, -0.047204712185135514]
  - [0.5462497957422815, -0.009684198654698328, 0.8375663418189222, -0.2159795175363709]
  - [0.0, 0.0, 0.0, 1.0]
  cam_overlaps: []
  camera_model: omni
  distortion_coeffs: [-0.07978301189712277, 1.324663802513209, -8.934431117322677e-05,
    0.004060443092887014]
  distortion_model: radtan
  intrinsics: [2.9232733315135144, 2165.114673661876, 2163.1980164528827, 628.928311546262,
    379.12139482159745]
  resolution: [1280, 720]
  rostopic: /cam
  timeshift_cam_imu: -0.07772599253773195
