cam0:
  T_cam_imu:
  - [-0.055956619727382195, 0.9975113418973987, 0.04289498216268306, -0.007941983293205552]
  - [-0.8357148625954598, -0.0703012809335436, 0.5446452040880885, -0.04734853007199077]
  - [0.5463053405795496, -0.005371469552621799, 0.8375688760747431, -0.21724406470337604]
  - [0.0, 0.0, 0.0, 1.0]
  cam_overlaps: []
  camera_model: pinhole
  distortion_coeffs: [-0.04645236314145721, 0.009703581028530216, -0.01623271928238084,
    0.006701945483805712]
  distortion_model: equidistant
  intrinsics: [550.5667268263406, 550.1398372743699, 632.4838758640666, 378.9278821888779]
  resolution: [1280, 720]
  rostopic: /cam
  timeshift_cam_imu: -0.07771675783062046
